
ip: 127.0.0.1 date: 2023-03-15 12:56:04.306616
ip: 127.0.0.1 date: 2023-03-15 12:59:11.605370